non-hypermutable 0.119085592769803 0.312599681020734 0.133971291866029 0.238171185539607 0.0558213716108453 0.140350877192982 tRNA
non-hypermutable 0.184615384615385 0.138461538461538 0.184615384615385 0.0615384615384615 0.153846153846154 0.276923076923077 tRNA
non-hypermutable 0.106382978723404 0.23936170212766 0.0319148936170213 0.382978723404255 0.0797872340425532 0.159574468085106 tRNA
non-hypermutable 0.119530416221985 0.448239060832444 0.0896478121664888 0.0672358591248666 0.0512273212379936 0.224119530416222 tRNA
non-hypermutable 0.214285714285714 0.357142857142857 0.133928571428571 0.107142857142857 0.0535714285714286 0.133928571428571 tRNA
non-hypermutable 0.0474683544303798 0.379746835443038 0.126582278481013 0.142405063291139 0.0949367088607595 0.208860759493671 tRNA
RNU 0.121863799283154 0.268817204301075 0.0967741935483871 0.114695340501792 0.150537634408602 0.247311827956989 RNU
non-hypermutable 0.126050420168067 0.302521008403361 0.100840336134454 0.0672268907563025 0.201680672268908 0.201680672268908 tRNA
non-hypermutable 0.0695652173913043 0.347826086956522 0.104347826086957 0.0782608695652174 0.156521739130435 0.243478260869565 tRNA
tRNA 0.135593220338983 0.223728813559322 0.122033898305085 0.16271186440678 0.152542372881356 0.203389830508475 tRNA
non-hypermutable 0.0530035335689046 0.247349823321555 0.0530035335689046 0.424028268551237 0.0530035335689046 0.169611307420495 tRNA
tRNA 0.211853720050441 0.238335435056747 0.0882723833543506 0.167717528373266 0.1437578814628 0.150063051702396 tRNA
non-hypermutable 0.148148148148148 0.194444444444444 0.0740740740740741 0.166666666666667 0.166666666666667 0.25 tRNA
tRNA 0.123809523809524 0.342857142857143 0.152380952380952 0.152380952380952 0.0857142857142857 0.142857142857143 tRNA
non-hypermutable 0.170940170940171 0.213675213675214 0.227920227920228 0.113960113960114 0.0341880341880342 0.239316239316239 tRNA
tRNA 0.165206508135169 0.300375469336671 0.14017521902378 0.120150187734668 0.150187734668335 0.123904881101377 tRNA
non-hypermutable 0.137339055793991 0.291845493562232 0.128755364806867 0.128755364806867 0.171673819742489 0.141630901287554 RNU
RNU 0.200626959247649 0.238244514106583 0.122257053291536 0.137931034482759 0.219435736677116 0.0815047021943574 RNU
tRNA 0.104496516782774 0.291323622545915 0.0759974667511083 0.189993666877771 0.129195693476884 0.208993033565548 tRNA
non-hypermutable 0.114406779661017 0.288135593220339 0.127118644067797 0.228813559322034 0.114406779661017 0.127118644067797 tRNA
tRNA 0.180790960451977 0.271186440677966 0.0602636534839925 0.195856873822976 0.128060263653484 0.163841807909605 tRNA
non-hypermutable 0.156521739130435 0.452173913043478 0.0521739130434783 0.156521739130435 0.0260869565217391 0.156521739130435 tRNA
non-hypermutable 0.220588235294118 0.367647058823529 0 0.110294117647059 0.0441176470588235 0.257352941176471 tRNA
tRNA 0.0946745562130177 0.266272189349112 0.284023668639053 0.106508875739645 0.106508875739645 0.142011834319527 tRNA
tRNA 0.148783977110157 0.274678111587983 0.171673819742489 0.137339055793991 0.125894134477825 0.141630901287554 tRNA
non-hypermutable 0.0869565217391304 0.130434782608696 0.130434782608696 0.260869565217391 0.130434782608696 0.260869565217391 tRNA
non-hypermutable 0.187667560321716 0.187667560321716 0.0938337801608579 0.262734584450402 0.0938337801608579 0.17426273458445 tRNA
tRNA 0.132730015082956 0.337858220211161 0.0361990950226244 0.199095022624434 0.16289592760181 0.131221719457014 tRNA
non-hypermutable 0.0974025974025974 0.194805194805195 0.12987012987013 0.25974025974026 0.162337662337662 0.155844155844156 tRNA
non-hypermutable 0 0.340909090909091 0.136363636363636 0.272727272727273 0.136363636363636 0.113636363636364 tRNA
non-hypermutable 0.0857142857142857 0.114285714285714 0.171428571428571 0.342857142857143 0.114285714285714 0.171428571428571 tRNA
non-hypermutable 0.0448897795591182 0.404008016032064 0 0.179559118236473 0.211623246492986 0.159919839679359 tRNA
non-hypermutable 0.128686327077748 0.32171581769437 0.0428954423592493 0.235924932975871 0.0857908847184986 0.184986595174263 tRNA
non-hypermutable 0.0280373831775701 0.336448598130841 0.168224299065421 0.224299065420561 0.0747663551401869 0.168224299065421 tRNA
non-hypermutable 0.099009900990099 0.396039603960396 0 0.198019801980198 0.158415841584158 0.148514851485149 tRNA
non-hypermutable 0.141652613827993 0.259696458684654 0.0708263069139966 0.188870151770658 0.09106239460371 0.247892074198988 tRNA
non-hypermutable 0.141772151898734 0.389873417721519 0.0354430379746835 0.106329113924051 0.167088607594937 0.159493670886076 tRNA
non-hypermutable 0 0.6 0 0 0.15 0.25 tRNA
tRNA 0.229007633587786 0.286259541984733 0.0801526717557252 0.145038167938931 0.110687022900763 0.148854961832061 tRNA
tRNA 0.233649734014812 0.321268384270366 0.0730155418796287 0.113904245332221 0.137686450401585 0.120475644101387 tRNA
RNU 0.212271973466003 0.218905472636816 0.199004975124378 0.139303482587065 0.165837479270315 0.0646766169154229 RNU
non-hypermutable 0.0681818181818182 0.454545454545455 0.0681818181818182 0.127272727272727 0.1 0.181818181818182 tRNA
non-hypermutable 0.068566340160285 0.36568714752152 0.13713268032057 0.18284357376076 0.04986642920748 0.195903829029386 tRNA
non-hypermutable 0.0835509138381201 0.31331592689295 0.25065274151436 0.156657963446475 0.0626631853785901 0.133159268929504 tRNA
non-hypermutable 0.0769333244521415 0.410311063744755 0.0512888829680943 0.225671085059615 0.0746020115899554 0.161193632185439 tRNA
non-hypermutable 0.115942028985507 0.231884057971014 0.260869565217391 0.173913043478261 0.0434782608695652 0.173913043478261 tRNA
non-hypermutable 0.289181513038988 0.173508907823393 0.144590756519494 0.130131680867545 0.148721920991479 0.113865220759101 tRNA
tRNA 0.160804020100503 0.221105527638191 0.180904522613065 0.160804020100503 0.160804020100503 0.115577889447236 tRNA
non-hypermutable 0.107692307692308 0.287179487179487 0.143589743589744 0.143589743589744 0.143589743589744 0.174358974358974 tRNA
tRNA 0.172413793103448 0.302480338777979 0.0483968542044767 0.14519056261343 0.101633393829401 0.229885057471264 tRNA
non-hypermutable 0.181582360570687 0.363164721141375 0.0680933852140078 0.204280155642023 0.0194552529182879 0.163424124513619 tRNA
non-hypermutable 0.0454545454545455 0.272727272727273 0.0909090909090909 0.227272727272727 0.181818181818182 0.181818181818182 tRNA
tRNA 0.125714285714286 0.3 0.114285714285714 0.157142857142857 0.171428571428571 0.131428571428571 tRNA
tRNA 0.197647058823529 0.254117647058824 0.169411764705882 0.0752941176470588 0.169411764705882 0.134117647058824 tRNA
tRNA 0.18705035971223 0.273381294964029 0.151079136690647 0.158273381294964 0.100719424460432 0.129496402877698 tRNA
tRNA 0.195519348268839 0.305498981670061 0.114052953156823 0.146639511201629 0.0855397148676171 0.152749490835031 tRNA
non-hypermutable 0.0650406504065041 0.130081300813008 0 0.48780487804878 0.0975609756097561 0.219512195121951 tRNA
non-hypermutable 0.10126582278481 0.265822784810127 0.0506329113924051 0.379746835443038 0.0506329113924051 0.151898734177215 tRNA
non-hypermutable 0.0769230769230769 0.173076923076923 0.230769230769231 0.346153846153846 0 0.173076923076923 tRNA
non-hypermutable 0.20253164556962 0.20253164556962 0 0.379746835443038 0.0379746835443038 0.177215189873418 tRNA
non-hypermutable 0.190981432360743 0.254641909814324 0 0.254641909814324 0.0848806366047745 0.214854111405836 tRNA
non-hypermutable 0.105726872246696 0.176211453744493 0.0352422907488987 0.317180616740088 0.145374449339207 0.220264317180617 tRNA
non-hypermutable 0.0674157303370786 0.449438202247191 0.134831460674157 0.134831460674157 0.0449438202247191 0.168539325842697 tRNA
non-hypermutable 0.245829675153644 0.245829675153644 0.0790166812993854 0.237050043898156 0.0131694468832309 0.17910447761194 tRNA
non-hypermutable 0.18 0.3 0.09 0.18 0.06 0.19 tRNA
tRNA 0.148588410104012 0.267459138187221 0.133729569093611 0.178306092124814 0.115898959881129 0.156017830609212 tRNA
non-hypermutable 0.0986436498150431 0.246609124537608 0.184956843403206 0.184956843403206 0.203452527743526 0.0813810110974106 tRNA
tRNA 0.0995896032831737 0.310259917920657 0.12640218878249 0.137893296853625 0.170725034199726 0.155129958960328 tRNA
non-hypermutable 0.0365853658536585 0.329268292682927 0.146341463414634 0.195121951219512 0.146341463414634 0.146341463414634 tRNA
non-hypermutable 0 0.414707541846906 0.157983825465488 0.165883016738762 0.0921572315215347 0.169268384427309 tRNA
non-hypermutable 0.181818181818182 0.340909090909091 0.136363636363636 0 0.0681818181818182 0.272727272727273 tRNA
tRNA 0.158251695553881 0.296721929163527 0.131876412961567 0.110776186887717 0.163903541823662 0.138470233609646 tRNA
non-hypermutable 0.120643431635389 0.32171581769437 0.134048257372654 0.107238605898123 0.0750670241286863 0.241286863270778 tRNA
non-hypermutable 0.164948453608247 0 0.247422680412371 0.247422680412371 0.0927835051546392 0.247422680412371 tRNA
tRNA 0.203966005665722 0.144475920679887 0.203966005665722 0.152974504249292 0.141643059490085 0.152974504249292 tRNA
RNU 0.259515570934256 0.186851211072664 0.207612456747405 0.110726643598616 0.173010380622837 0.0622837370242214 RNU
non-hypermutable 0.0793825799338478 0.352811466372657 0.0661521499448732 0.330760749724366 0.0882028665931643 0.0826901874310915 Imunoglobulin
non-hypermutable 0.0833333333333333 0.0833333333333333 0.375 0.25 0.0833333333333333 0.125 Imunoglobulin
non-hypermutable 0.205128205128205 0.230769230769231 0.102564102564103 0.102564102564103 0.153846153846154 0.205128205128205 Imunoglobulin
RNU 0.195121951219512 0.185078909612626 0.232424677187948 0.12051649928264 0.163558106169297 0.103299856527977 RNU
non-hypermutable 0.212765957446809 0.212765957446809 0.0709219858156028 0.212765957446809 0.0425531914893617 0.24822695035461 Imunoglobulin
tRNA 0.143769968051118 0.255591054313099 0.167731629392971 0.111821086261981 0.172523961661342 0.148562300319489 tRNA
non-hypermutable 0.241900647948164 0.403167746580274 0.0806335493160547 0.060475161987041 0.0777537796976242 0.136069114470842 Imunoglobulin
non-hypermutable 0.2 0.4 0.1 0.1 0 0.2 tRNA
non-hypermutable 0.199643493761141 0.199643493761141 0.299465240641711 0.0499108734402852 0.114081996434938 0.137254901960784 Imunoglobulin
tRNA 0.150943396226415 0.237735849056604 0.0905660377358491 0.20377358490566 0.135849056603774 0.181132075471698 tRNA
tRNA 0.103484688489968 0.413938753959873 0.08870116156283 0.08870116156283 0.135163674762408 0.170010559662091 tRNA
non-hypermutable 0.125 0.25 0.25 0.1875 0.125 0.0625 Imunoglobulin
non-hypermutable 0.0970350404312668 0.283018867924528 0.269541778975741 0.107816711590296 0.0808625336927224 0.161725067385445 Imunoglobulin
non-hypermutable 0 0.41025641025641 0 0 0.230769230769231 0.358974358974359 tRNA
Imunoglobulin 0.154109589041096 0.143835616438356 0.35958904109589 0.0513698630136986 0.171232876712329 0.11986301369863 Imunoglobulin
non-hypermutable 0.0348837209302326 0.372093023255814 0.0697674418604651 0.13953488372093 0.13953488372093 0.244186046511628 tRNA
tRNA 0.217864923747277 0.272331154684096 0.108932461873638 0.130718954248366 0.113289760348584 0.156862745098039 tRNA
non-hypermutable 0.0484429065743945 0.193771626297578 0.145328719723183 0.339100346020761 0.055363321799308 0.217993079584775 Imunoglobulin
non-hypermutable 0.130293159609121 0.195439739413681 0 0.390879478827362 0.146579804560261 0.136807817589577 tRNA
tRNA 0.125195618153365 0.312989045383412 0.0938967136150235 0.117370892018779 0.172143974960876 0.178403755868545 tRNA
non-hypermutable 0.0571428571428571 0.457142857142857 0.0571428571428571 0.0857142857142857 0.0571428571428571 0.285714285714286 Imunoglobulin
Imunoglobulin 0.196119780683256 0.242935470265711 0.244622522142556 0.0759173344580346 0.160269928300295 0.0801349641501476 Imunoglobulin
non-hypermutable 0.0888324873096447 0.426395939086294 0 0.0888324873096447 0.0761421319796954 0.319796954314721 Imunoglobulin
non-hypermutable 0.102564102564103 0.347985347985348 0.195360195360195 0.183150183150183 0.0732600732600733 0.0976800976800977 Imunoglobulin
non-hypermutable 0 0.666666666666667 0 0 0.133333333333333 0.2 Imunoglobulin
Imunoglobulin 0.180087471057371 0.198096218163108 0.324157447903267 0.171083097504502 0.0617442757910985 0.0648314895806535 Imunoglobulin
non-hypermutable 0 0.229508196721311 0.172131147540984 0 0.19672131147541 0.401639344262295 Imunoglobulin
non-hypermutable 0.0674157303370786 0.404494382022472 0.0449438202247191 0.337078651685393 0.0898876404494382 0.0561797752808989 Imunoglobulin
Imunoglobulin 0.141818181818182 0.334545454545455 0.16 0.174545454545455 0.101818181818182 0.0872727272727273 Imunoglobulin
non-hypermutable 0.234375 0.234375 0 0.1875 0.125 0.21875 tRNA
tRNA 0.178665265370468 0.346820809248555 0.0840777719390436 0.11823436678928 0.120861797162375 0.151339989490278 tRNA
tRNA 0.09 0.333333333333333 0.125 0.183333333333333 0.11 0.158333333333333 tRNA
non-hypermutable 0.0491803278688525 0.245901639344262 0.245901639344262 0.245901639344262 0.040983606557377 0.172131147540984 Imunoglobulin
non-hypermutable 0.157894736842105 0.210526315789474 0.210526315789474 0.105263157894737 0.105263157894737 0.210526315789474 tRNA
non-hypermutable 0.096 0.341333333333333 0.234666666666667 0.128 0.104 0.096 Imunoglobulin
non-hypermutable 0.132013201320132 0.158415841584158 0.264026402640264 0.198019801980198 0.099009900990099 0.148514851485149 Imunoglobulin
non-hypermutable 0.172413793103448 0.0862068965517241 0.0862068965517241 0.344827586206897 0.129310344827586 0.181034482758621 Imunoglobulin
non-hypermutable 0.132352941176471 0.308823529411765 0 0.220588235294118 0.0735294117647059 0.264705882352941 tRNA
non-hypermutable 0 0.339393939393939 0.121212121212121 0.242424242424242 0.145454545454545 0.151515151515152 Imunoglobulin
non-hypermutable 0.217391304347826 0.173913043478261 0.0579710144927536 0.260869565217391 0.0289855072463768 0.260869565217391 tRNA
non-hypermutable 0.202898550724638 0.282608695652174 0.260869565217391 0.0869565217391304 0.108695652173913 0.0579710144927536 Imunoglobulin
non-hypermutable 0.0902255639097744 0.24812030075188 0.180451127819549 0.300751879699248 0.0451127819548872 0.135338345864662 Imunoglobulin
non-hypermutable 0.0952380952380952 0.317460317460317 0.158730158730159 0.119047619047619 0.19047619047619 0.119047619047619 Imunoglobulin
non-hypermutable 0.110957004160888 0.166435506241331 0.0277392510402219 0.249653259361997 0.133148404993065 0.312066574202497 Imunoglobulin
non-hypermutable 0.182926829268293 0.268292682926829 0.24390243902439 0.121951219512195 0 0.182926829268293 Imunoglobulin
non-hypermutable 0 0.372093023255814 0 0.13953488372093 0.209302325581395 0.27906976744186 tRNA
non-hypermutable 0.117647058823529 0.0588235294117647 0.176470588235294 0.264705882352941 0 0.382352941176471 tRNA
non-hypermutable 0.136054421768707 0.136054421768707 0.0272108843537415 0.340136054421769 0.054421768707483 0.306122448979592 Imunoglobulin
non-hypermutable 0.159362549800797 0.345285524568393 0.106241699867198 0.0796812749003984 0.116865869853918 0.192563081009296 tRNA
Imunoglobulin 0.126315789473684 0.268421052631579 0.273684210526316 0.0842105263157895 0.126315789473684 0.121052631578947 Imunoglobulin
tRNA 0.182578927348802 0.289083301635603 0.0912894636744009 0.136934195511601 0.146063141879041 0.154050969950552 tRNA
tRNA 0.176848874598071 0.289389067524116 0.128617363344051 0.144694533762058 0.115755627009646 0.144694533762058 tRNA
non-hypermutable 0.126984126984127 0.19047619047619 0.476190476190476 0.0476190476190476 0.0317460317460317 0.126984126984127 Imunoglobulin
non-hypermutable 0 0.414814814814815 0 0.207407407407407 0.118518518518519 0.259259259259259 tRNA
non-hypermutable 0.288288288288288 0.126126126126126 0.0960960960960961 0.108108108108108 0.12012012012012 0.261261261261261 tRNA
tRNA 0.181818181818182 0.252525252525253 0.161616161616162 0.0808080808080808 0.121212121212121 0.202020202020202 tRNA
Imunoglobulin 0.183512962423536 0.342557529857268 0.122341974949024 0.130498106612292 0.104864549956306 0.116224876201573 Imunoglobulin
non-hypermutable 0.10752688172043 0.161290322580645 0.161290322580645 0.21505376344086 0.0806451612903226 0.274193548387097 tRNA
Imunoglobulin 0.179985601151908 0.251979841612671 0.248380129589633 0.129589632829374 0.11231101511879 0.0777537796976242 Imunoglobulin
Imunoglobulin 0.225454545454545 0.269090909090909 0.203636363636364 0.130909090909091 0.0927272727272727 0.0781818181818182 Imunoglobulin
Imunoglobulin 0.107969151670951 0.323907455012853 0.205655526992288 0.123393316195373 0.123393316195373 0.115681233933162 Imunoglobulin
non-hypermutable 0.103225806451613 0.412903225806452 0.103225806451613 0.154838709677419 0.0516129032258065 0.174193548387097 Imunoglobulin
non-hypermutable 0.0761421319796954 0.304568527918782 0.203045685279188 0.203045685279188 0 0.213197969543147 Imunoglobulin
Imunoglobulin 0.186549976969139 0.237678489175495 0.331644403500691 0.0829111008751727 0.11054813450023 0.0506678949792722 Imunoglobulin
Imunoglobulin 0.188741721854305 0.288079470198676 0.211920529801325 0.0927152317880795 0.0794701986754967 0.139072847682119 Imunoglobulin
non-hypermutable 0.0533333333333333 0.266666666666667 0.08 0.24 0.12 0.24 tRNA
non-hypermutable 0.0473336406946365 0.378669125557092 0.177501152604887 0.213001383125864 0.0516366989396035 0.131857999077916 Imunoglobulin
non-hypermutable 0.125391849529781 0 0.376175548589342 0.188087774294671 0.0752351097178683 0.235109717868339 tRNA
non-hypermutable 0 0.323699421965318 0 0.23121387283237 0.184971098265896 0.260115606936416 Imunoglobulin
non-hypermutable 0.12987012987013 0.292207792207792 0.12987012987013 0.162337662337662 0.155844155844156 0.12987012987013 Imunoglobulin
non-hypermutable 0.204081632653061 0.204081632653061 0.102040816326531 0.204081632653061 0.102040816326531 0.183673469387755 Imunoglobulin
non-hypermutable 0.08 0.266666666666667 0.08 0.16 0.213333333333333 0.2 tRNA
non-hypermutable 0.110497237569061 0.110497237569061 0 0.165745856353591 0.198895027624309 0.414364640883978 tRNA
non-hypermutable 0.0631578947368421 0.252631578947368 0.189473684210526 0.210526315789474 0 0.284210526315789 tRNA
non-hypermutable 0.129032258064516 0.225806451612903 0.0967741935483871 0.387096774193548 0.129032258064516 0.032258064516129 Imunoglobulin
non-hypermutable 0.130434782608696 0.347826086956522 0.173913043478261 0.173913043478261 0.0434782608695652 0.130434782608696 Imunoglobulin
non-hypermutable 0.0634920634920635 0.380952380952381 0.0952380952380952 0.126984126984127 0.126984126984127 0.206349206349206 tRNA
non-hypermutable 0 0.454545454545455 0 0.227272727272727 0.0909090909090909 0.227272727272727 tRNA
non-hypermutable 0.10989010989011 0.21978021978022 0 0.10989010989011 0.164835164835165 0.395604395604396 tRNA
non-hypermutable 0 0.228571428571429 0.171428571428571 0.342857142857143 0 0.257142857142857 tRNA
non-hypermutable 0.107142857142857 0.285714285714286 0.0952380952380952 0.0476190476190476 0.142857142857143 0.321428571428571 tRNA
non-hypermutable 0.133333333333333 0.333333333333333 0.1 0.0666666666666667 0.1 0.266666666666667 tRNA
non-hypermutable 0.134680134680135 0.252525252525253 0 0.202020202020202 0.141414141414141 0.269360269360269 tRNA
tRNA 0.17687074829932 0.23469387755102 0.0680272108843537 0.17687074829932 0.129251700680272 0.214285714285714 tRNA
non-hypermutable 0.248062015503876 0.310077519379845 0 0.27906976744186 0 0.162790697674419 tRNA
non-hypermutable 0.0909090909090909 0.606060606060606 0.113636363636364 0 0.0757575757575757 0.113636363636364 tRNA
non-hypermutable 0.0659340659340659 0.247252747252747 0.0824175824175824 0.247252747252747 0.247252747252747 0.10989010989011 tRNA
non-hypermutable 0.113207547169811 0.358490566037736 0.113207547169811 0.150943396226415 0.0377358490566038 0.226415094339623 tRNA
non-hypermutable 0.227755088729723 0.164659058016973 0.142022705048806 0.059676434360091 0.193703836119639 0.212182877724768 tRNA
non-hypermutable 0.0212999517350262 0.326628063117238 0.536758783722661 0.0583433460568109 0.0288378436427583 0.0281320117255063 tRNA
non-hypermutable 0 0.377856718356083 0.55498622382173 0 0 0.0671570578221866 tRNA
non-hypermutable 0 0.287767028978726 0.0837973762385804 0.306514161667006 0.189450944855004 0.132470488260683 tRNA
non-hypermutable 0 0.3533911101629 0 0.362008893375644 0.191651767081223 0.0929482293802329 tRNA
non-hypermutable 0.121654802660423 0.391988957411404 0.183561676183255 0 0.209145133740048 0.0936494300048702 tRNA
non-hypermutable 0.0921282685937773 0.384299031245726 0.331142215866932 0 0.192430484293565 0 tRNA
non-hypermutable 0 0.088366802790579 0.645449731119819 0.123251707450016 0 0.142931758639587 tRNA
non-hypermutable 0.0972525933032063 0.359376691090741 0.375447197120511 0 0.119133564322205 0.0487899541633362 tRNA
tRNA 0.205882352941176 0.264705882352941 0.132352941176471 0.0735294117647059 0.132352941176471 0.191176470588235 tRNA
non-hypermutable 0.161290322580645 0.451612903225806 0.032258064516129 0.129032258064516 0.0967741935483871 0.129032258064516 tRNA
tRNA 0.3 0.223529411764706 0.0588235294117647 0.129411764705882 0.135294117647059 0.152941176470588 tRNA
non-hypermutable 0.280701754385965 0.210526315789474 0 0.210526315789474 0.140350877192982 0.157894736842105 tRNA
non-hypermutable 0.0925925925925926 0.339506172839506 0.0308641975308642 0.185185185185185 0.185185185185185 0.166666666666667 tRNA
non-hypermutable 0.0796812749003984 0.424966799468791 0.0796812749003984 0.212483399734396 0.0637450199203187 0.139442231075697 tRNA
tRNA 0.0898203592814371 0.359281437125748 0.0838323353293413 0.143712574850299 0.179640718562874 0.143712574850299 tRNA
non-hypermutable 0.117647058823529 0.235294117647059 0.117647058823529 0.352941176470588 0 0.176470588235294 tRNA
non-hypermutable 0.115416323165705 0.21434460016488 0.12366034624897 0.296784830997527 0.138499587798846 0.111294311624073 tRNA
non-hypermutable 0.105315947843531 0.421263791374122 0 0.0702106318956871 0.147442326980943 0.255767301905717 tRNA
tRNA 0.120649651972158 0.375870069605568 0.111368909512761 0.104408352668213 0.139211136890951 0.148491879350348 tRNA
tRNA 0.10738255033557 0.393736017897092 0.0536912751677852 0.196868008948546 0.0805369127516778 0.167785234899329 tRNA
tRNA 0.14014598540146 0.198540145985401 0.35036496350365 0.0700729927007299 0.113868613138686 0.127007299270073 tRNA
non-hypermutable 0.170212765957447 0.212765957446809 0.0851063829787234 0.340425531914894 0.0851063829787234 0.106382978723404 tRNA
non-hypermutable 0.0983606557377049 0.262295081967213 0.0983606557377049 0.0983606557377049 0.0983606557377049 0.344262295081967 tRNA
tRNA 0.0855745721271394 0.308068459657702 0.0684596577017115 0.171149144254279 0.127139364303178 0.23960880195599 tRNA
non-hypermutable 0.0357142857142857 0.357142857142857 0.0357142857142857 0.214285714285714 0.0357142857142857 0.321428571428571 tRNA
non-hypermutable 0.051413881748072 0.231362467866324 0.231362467866324 0.231362467866324 0.0616966580976864 0.19280205655527 tRNA
non-hypermutable 0 0.481178396072013 0.0916530278232406 0.206219312602291 0.117839607201309 0.103109656301146 tRNA
tRNA 0.0879443019421033 0.381091975082448 0.153902528398681 0.0769512641993404 0.140710883107365 0.159399047270062 tRNA
non-hypermutable 0.153846153846154 0.461538461538462 0 0 0 0.384615384615385 tRNA
tRNA 0.160771704180064 0.257234726688103 0.0964630225080386 0.22508038585209 0.12540192926045 0.135048231511254 tRNA
non-hypermutable 0.132743362831858 0.353982300884956 0 0.176991150442478 0.176991150442478 0.15929203539823 tRNA
non-hypermutable 0.142011834319527 0.355029585798817 0.266272189349112 0.0887573964497042 0.0591715976331361 0.0887573964497042 tRNA
non-hypermutable 0.0630157539384846 0.126031507876969 0.126031507876969 0.330832708177044 0.0840210052513128 0.27006751687922 tRNA
non-hypermutable 0.0601503759398496 0.24812030075188 0.0902255639097744 0.180451127819549 0.150375939849624 0.270676691729323 tRNA
non-hypermutable 0.119760479041916 0.0718562874251497 0.179640718562874 0 0.0898203592814371 0.538922155688623 tRNA
tRNA 0.149210064365126 0.193095377413692 0.245757753071972 0.193095377413692 0.0842598010532475 0.13458162668227 tRNA
non-hypermutable 0 0.290322580645161 0 0.258064516129032 0.258064516129032 0.193548387096774 tRNA
tRNA 0.126883425852498 0.249801744647105 0.21411578112609 0.126883425852498 0.0761300555114988 0.206185567010309 tRNA
tRNA 0.219718309859155 0.219718309859155 0.0507042253521127 0.123943661971831 0.191549295774648 0.194366197183099 tRNA
non-hypermutable 0.18957345971564 0.227488151658768 0.113744075829384 0.113744075829384 0.170616113744076 0.184834123222749 tRNA
tRNA 0.155591572123177 0.408427876823339 0 0.194489465153971 0.0907617504051864 0.150729335494327 tRNA
non-hypermutable 0.108695652173913 0.304347826086957 0.195652173913043 0.0978260869565217 0.152173913043478 0.141304347826087 tRNA
tRNA 0.09765625 0.325520833333333 0.0520833333333333 0.25390625 0.1015625 0.169270833333333 tRNA
non-hypermutable 0.212389380530973 0.238938053097345 0.0707964601769911 0.106194690265487 0.106194690265487 0.265486725663717 tRNA
non-hypermutable 0.147492625368732 0.247787610619469 0.132743362831858 0 0.206489675516224 0.265486725663717 tRNA
non-hypermutable 0.181481481481481 0.311111111111111 0.103703703703704 0.181481481481481 0.0777777777777778 0.144444444444444 tRNA
tRNA 0.139433551198257 0.235294117647059 0.104575163398693 0.174291938997821 0.169934640522876 0.176470588235294 tRNA
non-hypermutable 0.13953488372093 0.27906976744186 0 0 0.0930232558139535 0.488372093023256 tRNA
tRNA 0.100250626566416 0.31328320802005 0.18796992481203 0.112781954887218 0.157894736842105 0.12781954887218 tRNA
non-hypermutable 0.0989010989010989 0.373626373626374 0.0659340659340659 0.153846153846154 0.0989010989010989 0.208791208791209 tRNA
non-hypermutable 0.0985915492957746 0.246478873239437 0 0.443661971830986 0.0845070422535211 0.126760563380282 tRNA
non-hypermutable 0.147058823529412 0.25 0.117647058823529 0.205882352941176 0.102941176470588 0.176470588235294 tRNA
non-hypermutable 0.0833333333333333 0.194444444444444 0.0833333333333333 0.166666666666667 0.166666666666667 0.305555555555556 tRNA
non-hypermutable 0.0785340314136126 0.471204188481675 0.0785340314136126 0.104712041884817 0.0942408376963351 0.172774869109948 tRNA
tRNA 0.158730158730159 0.222222222222222 0.0952380952380952 0.142857142857143 0.134920634920635 0.246031746031746 tRNA
non-hypermutable 0.206896551724138 0.379310344827586 0.0689655172413793 0.103448275862069 0.103448275862069 0.137931034482759 tRNA
tRNA 0.118161925601751 0.288840262582057 0.0787746170678337 0.12253829321663 0.227571115973742 0.164113785557987 tRNA
non-hypermutable 0.156862745098039 0.372549019607843 0.0784313725490196 0.104575163398693 0.0784313725490196 0.209150326797386 tRNA
tRNA 0.208768267223382 0.313152400835073 0.0626304801670146 0.146137787056367 0.0876826722338204 0.181628392484342 tRNA
non-hypermutable 0.109614782336361 0.416536172878171 0.0986533041027247 0.153460695270905 0.103351080488569 0.11838396492327 tRNA
non-hypermutable 0.167464114832536 0.311004784688995 0.0478468899521531 0.143540669856459 0.114832535885167 0.215311004784689 tRNA
non-hypermutable 0.162767039674466 0.167853509664293 0.0915564598168871 0.183112919633774 0.170905391658189 0.223804679552391 tRNA
tRNA 0.211554109031733 0.358014646053702 0.048820179007323 0.081366965012205 0.149715215622457 0.150528885272579 tRNA
tRNA 0.185792349726776 0.188524590163934 0.114754098360656 0.180327868852459 0.174863387978142 0.155737704918033 tRNA
non-hypermutable 0.0841514726507714 0.280504908835905 0.168302945301543 0.168302945301543 0.151472650771388 0.14726507713885 tRNA
non-hypermutable 0.0442260442260442 0.452088452088452 0.0294840294840295 0.206388206388206 0.157248157248157 0.110565110565111 tRNA
non-hypermutable 0.125260960334029 0.292275574112735 0.125260960334029 0.156576200417537 0.125260960334029 0.175365344467641 tRNA
tRNA 0.182982616651418 0.457456541628545 0.0731930466605673 0.0731930466605673 0.080512351326624 0.132662397072278 tRNA
tRNA 0.182529335071708 0.260756192959583 0.0521512385919166 0.208604954367666 0.146023468057366 0.14993481095176 tRNA
non-hypermutable 0.0598290598290598 0.358974358974359 0 0.179487179487179 0.102564102564103 0.299145299145299 tRNA
non-hypermutable 0.12 0.154285714285714 0.137142857142857 0.274285714285714 0.154285714285714 0.16 tRNA
non-hypermutable 0.0995575221238938 0.265486725663717 0.132743362831858 0.176991150442478 0.0929203539823009 0.232300884955752 tRNA
tRNA 0.11336032388664 0.230769230769231 0.097165991902834 0.145748987854251 0.097165991902834 0.315789473684211 tRNA
tRNA 0.0373250388802488 0.391912908242613 0.149300155520995 0.211508553654743 0.111975116640746 0.0979782270606532 tRNA
non-hypermutable 0.185758513931889 0.402476780185758 0 0.185758513931889 0.0773993808049536 0.148606811145511 tRNA
non-hypermutable 0.110091743119266 0.192660550458716 0.110091743119266 0.18348623853211 0.146788990825688 0.256880733944954 tRNA
non-hypermutable 0.152284263959391 0.223350253807107 0.121827411167513 0.121827411167513 0.182741116751269 0.197969543147208 tRNA
non-hypermutable 0.122448979591837 0.326530612244898 0.326530612244898 0 0.0408163265306122 0.183673469387755 tRNA
non-hypermutable 0.115606936416185 0.173410404624277 0.260115606936416 0.173410404624277 0.104046242774566 0.173410404624277 tRNA
non-hypermutable 0.077319587628866 0.077319587628866 0.103092783505155 0.309278350515464 0.123711340206186 0.309278350515464 tRNA
tRNA 0.0988142292490119 0.260869565217391 0.177865612648221 0.118577075098814 0.106719367588933 0.237154150197628 tRNA
non-hypermutable 0.142857142857143 0.392857142857143 0.0476190476190476 0.166666666666667 0.128571428571429 0.121428571428571 tRNA
non-hypermutable 0.170454545454545 0.284090909090909 0.0852272727272727 0.170454545454545 0.136363636363636 0.153409090909091 tRNA
tRNA 0.207792207792208 0.363636363636364 0.0779220779220779 0.103896103896104 0.0779220779220779 0.168831168831169 tRNA
non-hypermutable 0.10126582278481 0.30379746835443 0.0759493670886076 0.30379746835443 0.10126582278481 0.113924050632911 tRNA
tRNA 0.091743119266055 0.36697247706422 0.122324159021407 0.091743119266055 0.159021406727829 0.168195718654434 tRNA
non-hypermutable 0.0789473684210526 0.256578947368421 0.157894736842105 0.236842105263158 0.0986842105263158 0.171052631578947 tRNA
non-hypermutable 0.104347826086957 0.182608695652174 0.156521739130435 0.156521739130435 0.104347826086957 0.295652173913043 tRNA
non-hypermutable 0.0990712074303406 0.396284829721362 0.111455108359133 0.123839009287926 0.148606811145511 0.120743034055728 tRNA
tRNA 0.137174211248285 0.349794238683128 0.164609053497942 0.185185185185185 0.0480109739368999 0.11522633744856 tRNA
non-hypermutable 0.170648464163823 0.341296928327645 0.0511945392491468 0.136518771331058 0.0614334470989761 0.238907849829352 tRNA
non-hypermutable 0.165400843881857 0.212658227848101 0.0886075949367089 0.212658227848101 0.0607594936708861 0.259915611814346 tRNA
non-hypermutable 0.225241329996425 0.262781551662496 0.0250268144440472 0.150160886664283 0.0965319985698963 0.240257418662853 tRNA
non-hypermutable 0.104347826086957 0.417391304347826 0.0869565217391304 0.156521739130435 0.0521739130434783 0.182608695652174 tRNA
tRNA 0.161557879552831 0.161557879552831 0.212044716913091 0.141363144608727 0.164442841687703 0.159033537684818 tRNA
tRNA 0.266272189349112 0.281065088757396 0.0591715976331361 0.133136094674556 0.118343195266272 0.142011834319527 tRNA
non-hypermutable 0.14018691588785 0.327102803738318 0.105140186915888 0.210280373831776 0.0700934579439252 0.147196261682243 tRNA
non-hypermutable 0.0397350993377483 0.423841059602649 0 0.397350993377483 0 0.139072847682119 tRNA
non-hypermutable 0.0657894736842105 0.210526315789474 0.263157894736842 0.263157894736842 0 0.197368421052632 tRNA
non-hypermutable 0.0881057268722467 0.387665198237885 0.185022026431718 0.0352422907488987 0.211453744493392 0.092511013215859 tRNA
tRNA 0.099290780141844 0.468085106382979 0.0638297872340425 0.0638297872340425 0.113475177304965 0.191489361702128 tRNA
tRNA 0.213740458015267 0.290076335877863 0.137404580152672 0.137404580152672 0.0687022900763359 0.152671755725191 tRNA
non-hypermutable 0.0692640692640693 0.25974025974026 0.155844155844156 0.173160173160173 0.121212121212121 0.220779220779221 tRNA
tRNA 0.169811320754717 0.320754716981132 0.0566037735849057 0.245283018867925 0.0660377358490566 0.141509433962264 tRNA
non-hypermutable 0.0807174887892377 0.201793721973094 0.134529147982063 0.188340807174888 0.233183856502242 0.161434977578475 tRNA
non-hypermutable 0.0966183574879227 0.36231884057971 0 0.193236714975845 0.144927536231884 0.202898550724638 tRNA
non-hypermutable 0.102739726027397 0.349315068493151 0.123287671232877 0.164383561643836 0.136986301369863 0.123287671232877 tRNA
non-hypermutable 0.0853242320819113 0.341296928327645 0.068259385665529 0.204778156996587 0.150170648464164 0.150170648464164 tRNA
tRNA 0.150234741784038 0.325508607198748 0.131455399061033 0.162754303599374 0.131455399061033 0.0985915492957747 tRNA
non-hypermutable 0.126760563380282 0.394366197183099 0.0845070422535211 0.253521126760563 0.0563380281690141 0.0845070422535211 tRNA
tRNA 0.0834202294056309 0.312825860271116 0.125130344108446 0.172054223149114 0.125130344108446 0.181438998957247 tRNA
non-hypermutable 0.0879120879120879 0.43956043956044 0.131868131868132 0 0.164835164835165 0.175824175824176 tRNA
non-hypermutable 0.136363636363636 0.318181818181818 0.102272727272727 0.238636363636364 0.0681818181818182 0.136363636363636 tRNA
non-hypermutable 0.127208480565371 0.282685512367491 0.0565371024734982 0.212014134275618 0.141342756183746 0.180212014134276 tRNA
non-hypermutable 0.113085621970921 0.452342487883683 0.0848142164781906 0.0565428109854604 0.0726978998384491 0.220516962843296 tRNA
tRNA 0.151515151515152 0.303030303030303 0.0606060606060606 0.121212121212121 0.170454545454545 0.193181818181818 tRNA
non-hypermutable 0 0.291666666666667 0.194444444444444 0.291666666666667 0.0277777777777778 0.194444444444444 tRNA
non-hypermutable 0.127504553734062 0.245901639344262 0.145719489981785 0.163934426229508 0.0983606557377049 0.218579234972678 tRNA
tRNA 0.193939393939394 0.218181818181818 0.181818181818182 0.206060606060606 0.109090909090909 0.0909090909090909 tRNA
non-hypermutable 0.0625 0.333333333333333 0.125 0.0833333333333333 0.0625 0.333333333333333 tRNA
tRNA 0.206219312602291 0.292144026186579 0.137479541734861 0.0916530278232406 0.117839607201309 0.154664484451718 tRNA
non-hypermutable 0 0.615384615384615 0.0615384615384615 0.184615384615385 0 0.138461538461538 tRNA
non-hypermutable 0.113636363636364 0.454545454545455 0.0606060606060606 0.121212121212121 0.0909090909090909 0.159090909090909 tRNA
tRNA 0.106100795755968 0.26525198938992 0.143236074270557 0.175066312997347 0.119363395225464 0.190981432360743 tRNA
tRNA 0.186451211932878 0.273461777501554 0.0932256059664388 0.124300807955252 0.126786824114357 0.195773772529521 tRNA
non-hypermutable 0.102651839178785 0.128314798973482 0.205303678357571 0.273738237810094 0.123182207014542 0.166809238665526 tRNA
non-hypermutable 0.0743034055727554 0.321981424148607 0.0990712074303406 0.222910216718266 0.123839009287926 0.157894736842105 tRNA
non-hypermutable 0.161616161616162 0.212121212121212 0.212121212121212 0.151515151515152 0.151515151515152 0.111111111111111 tRNA
non-hypermutable 0.0826446280991736 0.297520661157025 0.247933884297521 0.0743801652892562 0.111570247933884 0.18595041322314 tRNA
tRNA 0.062015503875969 0.341085271317829 0.124031007751938 0.124031007751938 0.108527131782946 0.24031007751938 tRNA
tRNA 0.141342756183746 0.3886925795053 0.0706713780918728 0.176678445229682 0.11660777385159 0.106007067137809 tRNA
tRNA 0.152403282532239 0.257913247362251 0.105509964830012 0.0937866354044549 0.126611957796014 0.263774912075029 tRNA
non-hypermutable 0.136665365091761 0.273330730183522 0.0273330730183522 0.191331511128465 0.117141741507224 0.254197579070676 tRNA
non-hypermutable 0.152866242038217 0.343949044585987 0.152866242038217 0.0382165605095541 0.0955414012738853 0.21656050955414 tRNA
tRNA 0.159420289855072 0.376811594202899 0.0579710144927536 0.144927536231884 0.0917874396135266 0.169082125603865 tRNA
non-hypermutable 0.275862068965517 0.155172413793103 0 0.103448275862069 0.206896551724138 0.258620689655172 tRNA
non-hypermutable 0.146341463414634 0.365853658536585 0.182926829268293 0.0365853658536585 0.146341463414634 0.121951219512195 tRNA
tRNA 0.162790697674419 0.284883720930233 0.0203488372093023 0.106831395348837 0.104651162790698 0.320494186046512 tRNA
tRNA 0.132352941176471 0.323529411764706 0.220588235294118 0.110294117647059 0.110294117647059 0.102941176470588 tRNA
non-hypermutable 0.0547445255474453 0.492700729927007 0.109489051094891 0.109489051094891 0.0875912408759124 0.145985401459854 tRNA
non-hypermutable 0.1 0.342857142857143 0.0857142857142857 0.2 0.157142857142857 0.114285714285714 tRNA
non-hypermutable 0.188976377952756 0.330708661417323 0.094488188976378 0.141732283464567 0.118110236220472 0.125984251968504 tRNA
tRNA 0.103857566765579 0.280415430267062 0.103857566765579 0.140207715133531 0.106824925816024 0.264836795252226 tRNA
tRNA 0.154639175257732 0.309278350515464 0.0343642611683849 0.189003436426117 0.13745704467354 0.175257731958763 tRNA
tRNA 0.156862745098039 0.264705882352941 0.0980392156862745 0.0784313725490196 0.166666666666667 0.235294117647059 tRNA
non-hypermutable 0.13029315960912 0.0977198697068404 0.195439739413681 0.195439739413681 0.0390879478827362 0.342019543973941 tRNA
non-hypermutable 0.072289156626506 0.144578313253012 0.0963855421686747 0.36144578313253 0.144578313253012 0.180722891566265 tRNA
tRNA 0.167235494880546 0.232935153583618 0.083617747440273 0.191126279863481 0.127986348122867 0.197098976109215 tRNA
non-hypermutable 0.0453257790368272 0.509915014164306 0.101983002832861 0.113314447592068 0.0679886685552408 0.161473087818697 tRNA
non-hypermutable 0.212389380530973 0.292035398230089 0 0.106194690265487 0.212389380530973 0.176991150442478 tRNA
non-hypermutable 0.0745341614906832 0.260869565217391 0.22360248447205 0.149068322981366 0.198757763975155 0.093167701863354 tRNA
non-hypermutable 0.184049079754601 0.368098159509202 0.081799591002045 0.122699386503067 0.102249488752556 0.141104294478528 tRNA
tRNA 0.228992944194997 0.296343810134702 0.0942912123155869 0.121231558691469 0.0885182809493265 0.170622193713919 tRNA
tRNA 0.136518771331058 0.218430034129693 0.143344709897611 0.0819112627986348 0.16382252559727 0.255972696245734 tRNA
tRNA 0.142857142857143 0.214285714285714 0.171428571428571 0.157142857142857 0.185714285714286 0.128571428571429 tRNA
non-hypermutable 0.0882352941176471 0.330882352941176 0.110294117647059 0.183823529411765 0.154411764705882 0.132352941176471 tRNA
non-hypermutable 0.0516795865633075 0.348837209302326 0.0516795865633075 0.155038759689922 0.129198966408269 0.263565891472868 tRNA
non-hypermutable 0.0975609756097561 0.439024390243902 0 0.195121951219512 0.0731707317073171 0.195121951219512 tRNA
non-hypermutable 0.0727272727272727 0.163636363636364 0 0.327272727272727 0.218181818181818 0.218181818181818 tRNA
tRNA 0.108803165182987 0.303330036267722 0.118694362017804 0.171447411803495 0.134520276953511 0.163204747774481 tRNA
non-hypermutable 0.161538461538462 0.4 0 0.184615384615385 0.161538461538462 0.0923076923076923 tRNA
non-hypermutable 0.125 0.5 0 0 0.0833333333333333 0.291666666666667 tRNA
non-hypermutable 0.0869565217391304 0.217391304347826 0.0434782608695652 0.217391304347826 0.202898550724638 0.231884057971014 tRNA
non-hypermutable 0 0.0952380952380952 0.0952380952380952 0.285714285714286 0.19047619047619 0.333333333333333 tRNA
